130.472 213.334
132.723 243.773
137.042 273.935
143.557 304.584
154.407 335.483
171.715 363.306
194.314 386.149
220.762 403.429
250.93 410.17
279.725 402.725
303.999 384.234
324.174 360.514
339.101 332.354
348.482 301.895
354.676 271.929
359.038 242.556
360.9 212.879
159.258 175.151
173.627 165.185
191.575 161.514
210.136 163.43
227.912 169.35
279.408 169.546
295.494 163.377
312.46 160.993
329.019 163.44
342.384 172.006
254.179 210.119
254.681 230.606
255.221 251.056
255.699 271.308
234.801 287.083
244.333 290.231
254.369 291.72
263.771 290.258
272.641 287.155
183.137 208.232
194.345 199.849
208.656 200.337
219.093 209.536
207.217 214.271
194.311 214.351
285.767 209.307
296.216 200.133
310.331 199.354
321.204 207.738
310.278 214.043
297.553 214.007
215.703 333.734
226.641 325.36
239.254 318.054
253.708 320.493
267.157 318.029
278.471 325.363
287.482 333.973
278.102 343.194
266.152 348.98
252.79 351.358
238.78 348.889
226.044 343.018
239.994 330.459
253.387 331.33
265.348 330.52
264.722 332.312
253.074 334.134
240.325 332.312
