27
198.245923 218.483124
301.754077 218.483124
250.000000 288.720642
196.734417 335.108795
303.265583 335.108795
152.625622 206.895142
220.815777 196.989471
180.651837 221.263519
196.884823 213.142426
197.292035 224.765182
212.423993 220.577744
279.184223 196.989471
347.374378 206.895142
287.576007 220.577744
303.115177 213.142426
302.707965 224.765182
319.348163 221.263519
234.786313 222.358002
265.213687 222.358002
227.470288 264.408783
272.529712 264.408783
216.523251 288.040161
283.476749 288.040161
250.000000 329.297882
250.000000 337.321625
250.000000 347.608887
250.000000 361.462708
